id,cpu_load_mean_m_3,disk_octets_read_mean_m_3,disk_octets_write_mean_m_3,disk_ops_read_mean_m_3,disk_ops_write_mean_m_3,network_rx_mean_m_3,network_tx_mean_m_3,cpu_load_monthly_mean_delta,network_tx_monthly_mean_delta,network_rx_monthly_mean_delta,disk_ops_read_monthly_mean_delta,disk_ops_write_monthly_mean_delta,disk_octets_write_monthly_mean_delta,disk_octets_read_monthly_mean_delta,cpu_load_max_gradient,disk_octets_read_max_gradient,disk_octets_write_max_gradient,disk_ops_read_max_gradient,disk_ops_write_max_gradient,network_rx_max_gradient,network_tx_max_gradient,is_churn
100,13.37989247,38.82583205,0.11851402,336.69720430,6.77032258,0.01612843,0.01171808,9.93544803,0.00178400,-0.00083925,331.68498210,5.18743369,0.09822835,38.59628038,0.44565168,1.74435668,0.00463981,14.46249656,0.22755614,-0.00003440,0.00005590,1
101,16.90204301,0.00328473,0.33609133,0.08150538,2.79397850,0.04812798,0.44380426,-3.97190143,-0.14906840,0.00761928,-0.18960574,0.16231183,-0.00070227,-0.01781286,-0.00172695,-0.00059626,-0.00006430,-0.00633933,-0.00207351,0.00009500,-0.00434225,0
102,248.93591400,19.37152776,31.97102730,213.16032260,194.55827960,1.72831136,1.35480347,9.67491398,-0.19059860,-0.33151170,-22.40323297,-26.08083154,-2.34339560,-0.53592374,0.37335290,-0.01865949,-0.07624555,-0.16357924,-0.44157712,-0.02173184,-0.00538242,0
103,14.05419355,0.10182502,0.99700527,2.18870968,9.63483871,0.08254686,0.00850134,-0.86152867,-0.00713390,-0.00040140,-7.24773477,-0.05549462,0.05448654,-0.07235670,-0.03158981,-0.00180007,0.00328335,-0.20777508,0.01796263,0.00071597,-0.00031719,1
104,85.79333333,15.49345957,14.87482307,280.23193550,9.59537634,0.01669605,0.17150479,-3.55555556,-0.06342757,-0.00248126,-3.42950896,-0.67784588,-0.46046894,-0.43877029,-0.09440948,-0.01649244,-0.01788293,-0.15304266,-0.02211370,-0.00011261,-0.00242201,0
105,39.39430108,11.36519674,20.15318192,793.13655910,55.02000000,9.81798408,2.11235768,14.84707885,1.93625702,9.32541841,-123.13777420,-0.95266667,17.10998272,7.60239588,0.39098123,0.24210812,0.54836924,-4.40403032,0.19133439,0.24408652,0.02221419,0
106,1.28827957,0.00176921,0.01957315,0.19440860,2.79172043,0.01397925,0.01018852,0.13627957,0.00105678,0.00239997,0.12140860,-0.05672401,-0.00070387,0.00125630,0.00357677,0.00004900,-0.00001100,0.00546924,-0.00000353,0.00008140,0.00005370,0
107,79.78838710,27.30295340,1.74994201,661.11978490,48.61720430,0.57352799,7.73040204,-3.29394624,1.31905307,0.05848467,-190.37532620,12.24620430,0.10392754,-5.55319343,-0.12018562,-0.08486756,-0.00109747,-4.91150626,0.46792773,0.00051714,-0.00990854,0
108,68.25311828,18.10863666,16.83327923,512.98741940,119.58301080,0.75418613,3.23713277,4.85734050,2.42738478,0.00059457,21.21730824,7.73912186,0.32938294,0.61429844,0.15259501,0.01884964,0.01403307,0.60892914,0.20804865,-0.00009650,0.08594935,0
109,8.86677419,1.17613777,1.26784677,21.85000000,7.38258065,0.05628370,2.06253868,-5.45128136,1.68229014,-0.09734687,21.14188889,0.25391398,0.85450485,1.14583966,-0.26044350,0.01470430,0.00580089,0.27011282,-0.08294888,-0.00238309,0.01816471,1
110,1.72784946,0.00004140,0.50913809,0.00075269,7.90021505,0.00539929,0.00085268,-0.04598387,-0.00000728,-0.00110663,0.00075269,0.07165950,0.00620526,0.00004140,-0.00010228,0.00000136,0.00010815,0.00002500,0.00121699,-0.00003300,-0.00000021,1
111,11.94247312,0.65849058,0.57125106,48.97397849,11.25021505,0.30418083,0.03471163,2.24091756,-1.81226869,-7.45439145,-4.23424373,-3.78900717,-0.12246024,-0.18202421,0.05381438,-0.00034810,-0.00439509,0.17492667,-0.12944950,-0.07224920,-0.01728647,1
112,4.39365591,0.02372465,0.04251780,0.59612903,6.03333333,0.01598567,0.00922773,-1.58812186,-0.24566803,-0.20075575,-8.80220430,-3.97155556,-0.25637233,-0.12798801,-0.07110524,-0.00492294,-0.01085269,-0.27850256,-0.19713467,-0.00905475,-0.00646834,1
113,27.77521505,4.40190723,4.35400572,305.03924730,133.48935480,0.68746367,0.56159236,-17.52300717,-0.16066907,-0.14183113,-310.25708600,-47.63464516,2.02180339,-13.99496320,-0.56813344,-0.36862081,0.12073160,-5.67913080,0.89775956,-0.00490130,0.00091874,0
114,65.01827957,1.41798648,1.61945005,59.47870968,56.63290323,0.98720907,0.35337116,0.37261290,-0.10884114,0.27386077,-16.06484588,0.47868100,0.15314634,-0.37698597,0.00860850,-0.00977307,0.00870685,-0.48597744,-0.02023638,0.01043551,-0.00651821,1
115,68.92365591,3.53123290,2.03669757,290.99967740,113.36075270,0.18378053,2.44253780,3.40660036,0.00319941,0.02537250,-7.21687814,-29.79224731,-0.81693158,-0.92738473,-0.03668588,-0.02214950,-0.02178856,-0.16974440,-0.85532540,0.00021374,-0.00004050,0
116,28.80739247,3.14351528,2.64567423,71.08860215,26.42655914,0.34219932,3.55919203,7.46008692,-0.86228164,-1.90945805,-42.21050896,1.90467025,-0.68198581,-0.16111477,0.24350507,-0.02765518,-0.01115721,-1.24293443,0.04105782,-0.02771079,0.00294578,0
117,16.85946237,1.05033409,1.36637980,57.44311828,13.71494624,0.61509746,0.16702445,1.86646237,-0.04684086,0.27418618,-17.61588172,3.59916846,0.21115033,-0.21251619,0.04088895,-0.00963558,0.00508537,-0.58020853,0.06828645,0.00489362,-0.00137996,1
118,8.85618280,0.00616922,0.12123323,0.54333333,3.54107527,0.02408034,0.03327539,2.37390502,0.00400204,0.00195541,0.31055556,-0.10514695,0.00152035,0.00302258,0.06035528,0.00013108,0.00005710,0.01291398,0.00076573,0.00003230,-0.00000250,0
119,54.31887097,4.47784580,2.49877141,192.02763440,42.88677419,1.15347686,7.78740286,4.41748208,2.34574083,0.03087395,9.43585663,2.02832975,0.30262000,0.34374709,0.04388058,-0.00160133,0.00314354,-0.39962859,0.08621364,0.00278208,-0.00323344,0
120,5.23473118,0.00562561,0.23055327,0.23516129,1.44494624,0.02326615,0.19236685,0.06562007,-0.05211175,-0.04166596,0.06693907,0.07316846,0.00348650,0.00068857,0.00157976,0.00004600,0.00018327,0.00243504,0.00147541,-0.00136609,-0.00086118,0
121,42.45505376,18.01945264,14.59348469,529.82333330,48.93516129,1.39309317,39.43183927,4.65233154,-5.23590409,-0.91763734,37.35388889,0.07805018,1.03101475,-1.18873026,0.07437498,-0.04802820,0.02400739,0.99190041,0.03202556,-0.01367357,-0.12281820,0
122,53.21897849,39.35980643,15.96328784,201.66193550,81.17139785,1.73220718,0.22037860,2.98420072,0.01193622,0.35723702,27.75993548,8.74428674,0.76729839,7.00082002,0.06797629,0.15530916,0.02289730,0.59365274,0.15609272,0.01248840,0.00054431,0
123,8.77193548,3.38916077,0.34553019,163.08892470,7.92913979,0.02935021,0.25540604,-1.11639785,-0.01350688,-0.01910958,-8.17896416,0.24980645,0.00282424,-0.06154902,0.02283906,-0.00137201,0.00010132,-0.20766279,-0.00111934,-0.00094244,0.00084730,1
124,14.10150538,9.48282489,2.73981132,192.52763440,78.50881720,0.05465255,0.00716284,-9.40605018,-1.10270244,-0.10209424,-229.21469890,0.05448387,0.21736879,-13.41469234,-0.27412568,-0.40868589,0.00792097,-6.12807615,0.43824449,-0.00449235,-0.04377620,0
125,14.97016129,0.58858243,0.76311739,40.43688172,6.60978495,0.18458408,5.31790127,-0.74433871,-0.47586811,-0.50151851,-21.21100717,-0.19199283,-0.37283676,-5.19401111,0.04278204,-0.08382256,0.00321691,0.00536119,0.03209043,-0.00107539,-0.00496931,1
126,28.26424731,1.07650511,1.51910774,40.68000000,53.12602151,0.55149479,2.11662598,-3.57353047,0.62242486,0.18370457,3.03966667,3.25679928,0.26522111,0.09467923,-0.11036136,0.00360153,0.00574147,0.14995787,0.11263882,0.00171507,0.00829006,0
127,12.14129032,0.28308271,0.98210321,11.90440860,10.88139785,0.38234312,0.06332922,1.69173477,-0.03004683,-0.27417596,-0.11259140,2.04539785,-0.04658808,0.03658133,0.06662983,0.00222504,0.00107093,0.08543839,0.05958858,-0.00054603,0.00025266,0
128,10.78768817,0.01278128,0.27988188,0.49688172,2.41677419,0.39786805,0.28589443,-1.36203405,-0.04849806,0.06416239,0.37343728,0.85499642,0.12506036,0.00544626,-0.03500256,0.00008440,0.00482011,0.01245602,0.03330037,0.00322390,-0.00090600,1
129,61.94365591,2.41053971,1.40993140,93.58645161,56.35021505,0.34286683,3.18921572,5.80321147,0.54741403,0.03147624,-15.74432616,-3.66711828,-0.20148194,-0.57620813,0.15689944,-0.01604414,-0.00693110,-0.35811951,-0.16830866,0.00052732,0.02363688,0
130,18.05037634,0.11073690,1.05260858,1.96752688,28.47881720,0.24378932,3.37342713,-8.36315143,-0.06270413,-0.00717075,1.70486022,-11.34951613,0.25323458,0.10324259,-0.17307223,0.00355419,0.00919689,0.05718297,-0.26213732,-0.00059537,0.00382765,1
131,13.05887097,1.61588064,1.16822792,40.04591398,20.65419355,1.16982571,0.04090373,8.54820430,0.02274233,1.02204485,31.36135842,16.06430466,0.78920542,1.14700060,0.16557210,0.02482474,0.01372476,0.65587097,0.27822316,0.01476856,0.00035939,0
132,57.34059140,79.07100188,1.00600689,997.93376340,24.77086022,0.71318983,5.32493733,-6.09210305,-7.12707907,-0.81434164,-524.63156990,-30.08936201,-0.46484521,-33.50033608,-0.17607708,-1.02459822,-0.01058620,-16.02727552,-0.73952723,-0.01822011,-0.20535785,1
133,35.23069444,0.72078325,0.50844617,61.59978495,23.93763441,0.29683499,0.01084848,11.05652778,0.00656984,0.28799653,57.34856272,22.81307885,0.46028176,0.66273701,0.45856454,0.02201897,0.01524305,1.75474017,0.91138780,0.00989648,0.00018926,1
134,23.85543011,0.98694750,5.28743039,36.15580645,15.33903226,0.19806937,0.56081361,-0.17284767,-0.11789401,0.00497063,-8.80474910,0.19536559,0.01463730,-0.07048360,-0.02343487,-0.00274965,0.00048205,-0.23186921,0.00353376,0.00006080,-0.00221956,0
135,5.11440860,0.00681984,0.57628210,0.26247312,8.36526882,0.26640734,0.02348889,0.18357527,-0.11458179,0.08905215,-29.55630466,2.90304660,0.13939454,-0.13127782,0.00635087,-0.00300407,0.00307971,-0.68184312,0.04878160,0.00131227,-0.00297273,1
136,28.48225806,3.81085278,2.45394135,87.77010753,20.48677419,1.24945341,0.23081232,-12.73790860,0.05925902,1.05212312,41.84666308,2.14988531,0.67580449,1.63763760,-0.45547047,0.04265750,0.02282741,1.24792279,0.08784400,0.03999997,0.00056403,0
137,50.88209677,5.62830969,4.21288310,206.69903230,51.76591398,1.25852480,4.72488589,10.17684677,1.01793566,0.18686052,27.93247670,7.85924731,0.16671749,0.36208187,0.36137687,0.01714183,0.00616249,0.85045602,0.18880557,-0.00022622,0.01116255,0
138,8.95193548,0.19867538,0.77771060,8.69505376,9.19311828,0.32427018,0.03126389,0.38571326,-0.04355093,0.07658738,1.70872043,2.56678495,0.09553819,0.05544782,-0.01506170,0.00124582,0.00201212,0.04429314,0.05010964,0.00144494,-0.00180264,1
139,9.37290323,0.29111153,0.70412310,15.72387097,13.94903226,0.31163098,0.00763501,0.99134767,0.00075090,0.05943553,3.38253763,3.68414337,0.05320043,0.06947697,0.02625542,0.00199101,0.00151755,0.09787062,0.09963934,0.00085663,0.00001510,1
140,32.52392473,4.09734684,2.62937562,71.22903226,70.73827957,0.26508891,16.58015658,1.46148029,-0.16006199,-0.04472254,8.28981004,6.45594624,-0.07135976,0.88905960,0.00429878,0.03527500,0.00181129,0.30865098,0.15725313,-0.00008930,0.09838464,1
141,8.69956989,1.26354201,0.06156552,67.02139785,3.80870968,0.01837900,0.15113331,2.71468100,-0.23398842,0.00281339,4.00439785,0.87726523,-0.00094444,0.86450832,0.02551842,0.01452437,0.00001720,0.12169804,0.00643839,0.00004880,-0.00432476,1
142,8.18556452,0.34754868,0.78142343,5.85903226,6.00978495,0.88736882,0.91135042,-0.57210215,0.19982425,-0.13744530,1.94525448,0.43656272,-0.00108870,-0.01786640,-0.01759677,0.00012531,-0.00067895,0.09158065,0.01792597,-0.00315516,0.00665347,0
143,7.37311828,1.84000160,0.32699910,83.97150538,8.29591398,0.09221835,2.14775894,0.56556272,1.18362678,0.00979001,17.19550538,2.59169176,0.04908959,1.07990051,0.01208232,0.01891624,0.00045230,0.47793231,0.06957747,0.00019371,0.04291040,1
144,4.40881720,0.00000000,0.00051839,0.00000000,0.09258065,0.01070392,0.00080094,-0.10362724,0.00000510,0.00212010,0.00000000,0.00502509,-0.00011149,0.00000000,-0.00364146,0.00000000,-0.00000358,0.00000000,0.00017751,0.00001830,-0.00000085,0
145,3.92534946,0.10493611,0.90675927,6.89645161,9.72064516,0.09082923,4.54339889,-0.09284498,-4.35223985,-0.01301048,1.03367384,6.01508961,0.06104996,-0.10818571,-0.01308607,-0.00445627,-0.00038253,-0.05537423,0.03872731,-0.00144128,-0.15982208,0
146,18.78231183,0.03001575,0.73935206,1.61193548,25.10946237,0.52816444,0.23135602,1.19164516,0.03220911,0.13657144,1.39871326,4.34335125,0.16099384,0.02062317,0.04275956,0.00087617,0.00676626,0.05415389,0.22674317,0.00534225,0.00078185,1
147,39.50908602,4.46652482,1.61003366,500.34580650,129.66731180,0.44319297,0.99097910,6.44114158,0.57827067,-0.01744357,-11.43352688,-2.66479928,-0.12395754,0.84125182,0.11914851,0.00108396,-0.00147723,-0.13852142,0.13541988,-0.00391202,0.00195337,1
148,14.46462366,2.31113965,0.48113328,128.86580650,15.38720430,0.03495093,0.02515242,3.08217921,0.00728810,0.01048348,18.46663978,5.03653763,0.02155378,0.32615473,0.04415036,0.01063656,0.00108727,0.58224017,0.06756425,0.00017612,0.00012170,1
149,15.65510753,0.14193785,1.06447156,4.33376344,7.96010753,0.11500972,0.83903516,0.13249642,0.07810541,0.00567874,1.26343011,0.00444086,0.00808267,0.06019079,0.00206390,0.00188458,0.00030721,0.02941953,-0.00073206,0.00005290,0.00149616,1
150,4.09645161,0.00004180,0.48488140,0.00559140,3.42827957,0.01518651,0.05881210,0.27778495,-0.10671300,-0.00171998,0.00125807,0.30261290,0.02574847,-0.00000777,0.00846845,-0.00000030,0.00083875,0.00001550,0.00806134,-0.00005360,-0.00482758,0
151,26.91693548,0.76548801,0.38308963,23.75419355,23.31956989,0.10080801,0.82857453,4.53954660,0.77608665,-0.23955926,-5.53858423,-5.21587455,-0.05771495,0.41838694,0.11552168,0.00579598,-0.00205368,-0.10944774,-0.11291750,-0.00493937,0.01041657,0
152,50.18983871,12.29142033,3.57160844,291.61774190,155.30365590,0.33082239,20.40104629,6.71483871,9.76454054,-2.10442112,210.25685300,124.27054480,1.25723140,8.54782816,0.21641962,0.25450163,0.05989247,5.92645249,2.37470756,-0.02284019,0.42041425,0
153,53.93440860,28.45877424,14.59092887,497.59494620,33.40913978,0.80468301,170.78860070,-0.60031362,-1.34954265,-0.02415069,-11.22427599,-3.22430466,-0.41794608,0.03535178,-0.01698087,0.01220683,-0.01553712,-0.70112939,-0.09732611,-0.00033911,0.06654063,0
154,30.44967742,1.59959282,1.66665932,84.78634409,29.93763441,2.68541736,0.53370548,-1.07632258,-0.18773250,0.18544689,7.20145520,5.19030108,0.01323428,0.20377524,-0.04192843,0.00429921,-0.00223784,0.20263511,0.11307844,0.00714978,-0.00636625,1
155,5.87376344,0.07918141,0.11919800,5.23978495,3.12139785,0.01352770,0.01625020,0.25409677,0.00112582,-0.00075362,4.70411828,0.66773118,0.09341323,0.07494887,0.01571691,0.00228940,0.00290750,0.14052512,0.02299242,0.00000326,0.00006460,1
156,37.48612903,1.58002187,0.62808020,352.99806450,26.93709677,0.12116564,0.05983443,1.11912903,0.01504260,-0.05779322,4.65739785,0.57431900,-0.01430868,0.06643245,-0.01232311,0.00182890,-0.00057397,0.17679482,-0.00610136,-0.00196261,0.00025654,1
157,20.16806452,0.02993515,1.13467805,0.73107527,4.54258065,0.30741612,4.94299825,-1.36260215,0.06888717,-0.04728843,0.00296416,-0.58075269,0.03545222,0.00488083,0.07023374,0.00010009,0.00179804,0.00034902,0.00397215,-0.00121335,0.00514131,1
158,77.07311828,2.53593974,1.74922179,223.87666670,173.35107530,0.54447551,0.62291077,-25.88465950,0.62058162,0.37579123,122.96944440,154.73418640,0.88567850,0.21438087,-1.13157395,-0.01331247,0.01469116,1.75339926,3.18459686,0.01085717,0.01154475,1
159,29.58564516,1.33042176,2.01218444,43.04645161,5.20096774,0.03563751,0.84001421,2.43542294,-0.69359999,-0.00076523,27.40022939,1.10252330,0.38961981,0.52018244,0.10925983,0.01622350,0.01304526,0.94168095,0.03344915,-0.00004080,-0.02642110,0
160,44.54349462,15.38086824,10.07838670,287.64419350,36.00397849,0.21647119,59.65879051,0.49432796,0.62415008,-0.00186940,2.16886022,-1.76468817,-0.22912454,0.30041597,0.04665627,0.02417669,-0.00073225,0.15343822,-0.03889494,0.00004100,0.04085237,1
161,83.30112903,3.55806065,3.12626330,192.86827960,69.70290323,7.53630391,1.95063940,-0.08148208,-0.05870026,6.12439663,-52.56005376,-21.56698566,0.80342836,0.89993289,-0.03366085,0.01863925,0.01406959,-1.66678459,-0.48710911,0.16219210,-0.00215210,1
162,10.30473118,1.37334167,0.79585544,135.26591400,14.22397849,0.34218112,0.02573122,0.79284229,-0.01793812,0.10458796,7.65324731,3.10586738,0.13424040,0.05030364,0.00716658,0.00060897,0.00245731,0.26502574,0.06101287,0.00201457,-0.00017576,1
163,12.12440860,0.10829119,0.79386118,6.93720430,51.53172043,0.34438913,0.01652016,0.46251971,-0.00177159,0.09408420,0.63464875,1.23027599,-0.05344740,0.02231524,0.00343716,0.00074035,-0.00199018,0.04597374,-0.09335114,0.00195924,-0.00006570,1
164,8.06204301,0.61155614,0.36815553,37.57247312,1.80247312,0.02444467,0.01219560,-0.32629032,-0.00097840,0.00732085,-1.72330466,0.25402867,0.02981591,0.17979906,-0.01281527,0.00510460,0.00065022,-0.12545849,0.00443205,0.00027902,-0.00009970,1
165,25.87801075,0.11943452,1.32057727,1.80860215,11.46591398,2.14066648,0.07729252,0.35978853,-0.02094894,-0.23238301,1.59660215,-0.55764158,-0.00923419,0.10002221,0.00581341,0.00188669,-0.00085167,0.03505676,-0.01422122,-0.00654717,-0.00057850,0
166,4.97344086,0.03518552,0.52675837,2.35935484,6.86645161,0.17422572,0.00402645,-0.36061470,-0.00021448,-0.01363818,-0.38720072,0.68278495,-0.03049560,-0.00556649,-0.00551022,0.00034682,0.00073701,0.01338058,0.05211564,0.00004160,-0.00001130,1
167,9.31731183,0.23938092,0.54255088,31.40505376,6.62193548,0.28816257,0.09208527,0.75297850,-0.11402377,-0.07763248,-22.10116846,1.65815771,0.01748691,-0.18444164,0.01331007,-0.00754297,-0.00049934,-0.96762436,0.00799101,-0.00492499,-0.00359451,0
168,28.63903226,0.73222904,0.76562696,47.67172043,14.22064516,0.39132400,0.85668672,2.68247670,-0.12830318,0.18514315,6.56605376,-1.27268817,0.11061649,-0.01887462,0.02862824,-0.00208470,0.00111974,0.07598978,-0.14062489,0.00174273,-0.00501604,1
169,5.78150538,0.00000044,0.03738679,0.00010753,1.73774194,0.00687083,0.00029708,0.22817204,0.00000263,-0.00094664,0.00010753,0.03596416,0.00258490,0.00000044,0.01128045,0.00000000,0.00006060,0.00000088,0.00093619,-0.00003510,0.00000003,1
170,19.79209677,1.56204528,2.05111070,99.32741935,15.61451613,0.51598007,0.42332535,5.77787455,0.17374363,0.22711774,-75.01858065,-58.07915054,-0.43429238,-3.90937554,0.16755187,-0.11316494,-0.01079010,-1.69002538,-1.66802785,0.00732226,0.00523622,1
171,7.21575269,0.03543899,0.54620512,3.01881720,9.43451613,0.30059139,0.18508147,0.24186380,-0.04580239,0.11903502,0.85215054,2.68596057,0.06521594,0.00974649,-0.01066358,0.00026021,0.00089905,0.01948317,0.04662013,0.00260434,-0.00055787,1
172,7.05672043,0.00777095,0.81398046,0.83709677,55.22817204,0.33888416,0.12228133,-0.90052957,-0.04324033,0.17675848,0.03454122,1.28794982,0.11296053,0.00040020,-0.02194544,0.00009140,0.00314321,0.00236260,0.05120307,0.00434076,-0.00091477,1
173,102.81994620,53.73526578,15.65089440,2253.46311800,2100.97580600,2.02307297,0.23124450,-0.05955376,0.01435679,-0.11818414,53.03822939,34.34491756,0.03944096,5.79804096,-0.00264904,0.23296234,-0.00498318,3.01624837,3.93607227,-0.00636042,0.00107127,1
174,76.42247312,38.37942311,11.42303155,417.82236560,26.96268817,7.37817192,309.02572870,-2.07447133,11.92729946,0.59849711,-31.79141219,-15.52564516,0.12916414,1.09062239,-0.09169196,0.04556707,0.00199206,-1.41330725,-0.61380786,0.01171802,0.50552263,0
175,7.14989247,0.15453900,0.68678117,4.31870968,4.51677419,1.94310691,0.78922110,1.95055914,-0.29653158,1.30861881,3.79148746,2.29699642,0.49692383,0.09889666,0.08270042,0.00457752,0.01493198,0.16972748,0.09002433,0.03920396,-0.00455904,0
176,49.49688172,3.43311767,14.81757046,165.77193550,145.37053760,0.81679873,13.77077488,-13.34945161,2.98182648,-0.28477678,-62.21139785,-1.62324014,1.22674192,-3.79666667,-0.32326609,-0.08076624,0.03492068,-1.19457395,0.18673718,-0.00645698,0.07696398,0
177,19.19505376,5.66893287,0.83858839,282.42483870,34.68795699,0.02439563,0.18063639,0.58494265,0.05750850,-0.00637869,37.77572760,11.78706810,0.22974746,1.45299630,-0.00752776,0.04392205,0.00544127,0.95279588,0.38828221,-0.00005500,0.00184551,0
178,102.09967740,0.63801322,0.78685658,26.70032258,10.78526882,0.33246215,0.00382498,-0.04521147,-0.02364742,0.10032686,1.57010036,2.73393548,0.16284918,0.07403953,-0.00061396,0.00369409,0.00405132,0.16323374,0.07223374,0.00208926,-0.00048999,0
179,51.20553763,0.57597688,1.99106444,15.75591398,14.66225806,0.32340871,0.00996862,0.57987097,-0.95108104,-0.04350006,3.03780287,-2.04985305,0.43725464,0.08078504,0.03427869,0.00263054,0.01439112,0.11144456,-0.03684012,-0.00113241,-0.02707007,1
180,9.68258065,0.68120003,0.80732204,31.97526882,15.33096774,0.33607130,0.01819033,0.93202509,-0.00021275,0.07811958,-0.97828674,2.48318996,0.07273539,0.00111612,0.02212533,0.00096704,0.00092004,0.06851384,0.06299224,0.00126871,-0.00005450,1
181,29.52357527,7.50755510,6.75639456,129.21924730,509.51333330,22.92449781,21.49140702,-1.97698029,3.43676900,15.56886975,14.11146953,-5.62866667,-0.10625979,2.77171478,-0.11386304,0.08290849,-0.00065037,0.49996457,-0.13723374,0.14118753,0.03479483,0
182,37.41940860,2.49945121,1.04649458,59.95236559,30.39967742,0.03517359,0.05199371,9.64474194,-0.00196256,0.00117186,29.95414337,18.80667742,0.31816059,1.61626043,0.17529050,0.04127450,0.00952487,0.72266050,0.36834761,-0.00000031,-0.00002650,1
183,14.50919355,1.93741857,1.99677093,27.19860215,31.39731183,0.13879116,0.07717398,-2.52125090,-0.04586711,-0.07923173,-2.34989785,-2.34168817,0.33577358,0.19439296,-0.06969002,0.00619591,0.01173112,-0.02474132,-0.09623815,-0.00291740,-0.00114989,0
184,19.08000000,1.47877404,0.30819229,103.77290320,5.51204301,1.42180685,3.00149891,-7.27133333,-0.29750494,-2.00462805,-9.35987455,-1.46862366,-0.34138109,-0.52079281,-0.19731430,-0.01915640,-0.01446229,-0.24450432,-0.04762718,-0.08804157,-0.06120438,0
185,9.09784946,0.00296674,0.36164949,0.27860215,9.23172043,0.13422548,0.21859686,0.29118280,0.10334174,-0.05810426,-0.18628674,-0.06616846,-0.00383704,0.00015324,0.00852688,-0.00005070,-0.00016664,-0.01372625,-0.02631694,-0.00241257,0.00129821,0
186,0.73704301,0.00000000,0.02018800,0.00000000,2.57720430,0.01114203,0.00647206,-0.04417921,-0.00001290,0.00116143,0.00000000,0.13742652,0.00155120,0.00000000,-0.00095558,0.00000000,0.00006620,0.00000000,0.00680240,0.00003570,0.00000432,1
187,40.45430108,1.96788929,1.51089598,78.94311828,14.72483871,0.45130349,0.15110361,8.97552330,0.06926762,-0.01459237,-60.68210394,-5.15193907,-0.39236862,-1.05090310,0.27704927,-0.03665113,-0.00935687,-2.27718914,-0.13508743,-0.00306060,0.00168829,0
188,13.98430108,2.44421621,0.09825401,148.77827960,6.85892473,0.01364185,0.01189901,0.25807885,0.00289233,-0.00057857,0.09650179,-0.01574194,-0.00018652,0.00158573,0.00685810,-0.00003860,-0.00001880,-0.00210101,-0.00156408,0.00000258,0.00013020,0
189,8.54354839,0.01637299,0.33622963,0.28967742,5.18430108,0.03473138,0.39494112,1.25360394,0.05572852,-0.00002400,0.27145520,1.37718996,0.00977661,0.01588648,0.00308135,0.00042625,0.00030402,0.00915336,0.05346906,0.00000606,0.00261767,0
190,35.92021505,1.66020261,0.88560646,77.92935484,53.47043011,0.91417895,1.29646994,-1.56822939,-0.43633913,0.22914253,5.01557706,-2.11101434,0.01617920,0.05484140,-0.02363838,0.00228868,-0.00179172,0.08072255,-0.08799383,0.00346995,-0.02352756,0
191,86.53150538,14.51797867,13.33727794,347.44956990,83.23365591,0.48406827,6.30464660,1.44817204,-6.86643785,-1.71436899,99.94379211,-6.97078853,0.50959432,1.82359199,0.01924766,0.04588595,0.01096558,2.55785616,-0.25020888,-0.03600784,-0.26713836,0
192,49.33666667,42.81928010,2.69364499,729.05623660,19.56172043,0.33040276,3.44809841,-3.01861111,3.20295281,-0.42590970,28.18356989,-0.28405735,0.03901693,6.63610539,-0.03226133,0.16263783,0.00189755,0.92778036,-0.01616217,-0.01420794,0.08520996,1
193,81.83236559,27.52495693,23.81727975,439.62752690,83.30064516,76.18104526,73.86363784,0.97314337,1.53754823,-8.10980375,11.69997133,4.49342294,1.09602501,1.70657152,0.03180055,0.06050835,0.03775204,0.28175428,0.02741671,-0.17978091,0.04542535,1
194,26.57075269,2.54674151,2.09348823,64.26881720,36.47956989,0.60012381,1.10790880,-0.38785842,0.22736301,0.27777498,10.79870609,-38.74531900,-1.07468961,0.21646948,0.05024017,0.00216947,-0.00762417,0.18301146,-0.25814137,0.00549610,0.00016510,1
195,2.00354839,0.00072979,0.06060671,0.02559140,0.98118280,0.46012150,0.31738435,0.19754839,0.07696698,0.15607986,-0.02040860,-0.00170609,0.01700814,-0.01640833,0.01415706,-0.00002970,0.00132651,-0.00002770,0.00124573,0.01170142,0.01281790,0
196,6.19849462,0.00013081,0.73153404,0.01870968,6.67247312,0.03592767,0.09667177,-0.36586649,-1.38272213,-0.15468902,-7.78517921,-1.34808244,0.21898847,-0.18104927,0.00230623,-0.00554744,0.00493213,-0.25355332,-0.05233016,-0.00486144,-0.02842095,1
197,6.72473118,0.04312648,0.37200973,1.73784946,2.38150538,0.03561783,0.01345341,-0.06215771,0.00096376,-0.00049282,-0.11048387,-0.06338351,-0.00087646,-0.00307504,0.00124361,0.00009750,0.00008520,-0.00218914,0.00255368,-0.00001760,0.00002550,0
198,238.80731180,0.64289891,1.39698699,16.85161290,94.26505376,0.07361362,0.40845148,10.09275627,0.05637738,-0.00423714,-9.30272043,1.72472043,0.12923716,-0.09576685,0.89018650,0.00013810,0.00295612,-0.29911846,0.05779605,-0.00005900,0.00251842,1
199,30.90612903,1.68105918,0.43379943,196.33419350,71.46688172,0.05911089,0.49365342,10.55168459,-0.00561301,0.03033336,60.68674910,26.12388172,0.14388273,0.55013947,0.09748881,0.01349487,0.00345160,1.52850502,0.66704636,0.00018376,-0.00094835,1
200,3.12612903,0.42139395,0.74909762,9.53806452,13.33247312,0.35197335,0.01655224,0.22354570,-0.00336547,0.10412695,-0.48826882,1.70836201,0.14770470,-0.04332809,0.00174863,-0.00035614,0.00349214,0.00378424,0.02552001,0.00205078,-0.00012628,0
201,42.98118280,3.79819041,1.28958277,154.93967740,31.13247312,14.26897714,12.61290750,1.38340502,2.65398995,2.91270515,63.95734409,10.86047312,0.37211575,0.64158571,0.03861326,0.01692112,0.00763152,1.47402010,0.26592403,0.05698221,0.05150676,0
202,26.04376344,1.06529231,1.44148205,34.15053763,52.25741935,0.72408071,1.50345359,-7.84434767,0.19229357,0.21609520,-27.30468459,20.53997491,-5.10328840,-5.87667278,-0.21171708,-0.18407215,-0.15842741,-0.84397902,0.90551049,0.00689877,0.00592740,1
203,7.06419355,0.92509922,0.32140123,196.37537630,1.44473118,0.01735147,0.02121241,-0.10258423,0.00760237,-0.00084843,-0.27695699,0.00028674,0.00107491,-0.01588169,-0.00460250,-0.00045594,-0.00002730,0.00046096,0.00012921,-0.00004630,0.00011202,0
204,5.40940860,2.35876088,0.59783586,23.04978495,9.57204301,0.32685162,0.94982962,0.69724194,0.68524053,0.11752540,0.94589606,3.04482079,0.13448315,0.02676927,0.01736991,0.00878552,0.00368384,0.11545408,0.08004248,0.00243579,0.00490991,0
205,36.00247312,1.87562744,2.02626720,86.57924731,37.27763441,0.85284216,0.68495592,-1.56397133,-0.37391553,-0.28022442,-25.90508602,-0.16169893,0.25119659,-0.37688744,-0.05921347,-0.01282015,0.00464568,-0.85136295,-0.09490146,-0.01477092,-0.01211006,0
206,14.98666667,1.60421382,1.67177007,117.86161290,28.64225806,0.47022862,0.16640132,-0.74011111,0.04455716,0.10006464,11.42439068,9.22370251,0.49390110,0.30026860,0.01976661,0.01852602,0.02615435,0.57933386,0.48123110,0.00317161,0.00175753,0
207,99.98860215,0.00000000,0.00000000,0.00000000,0.00000000,0.00000003,0.00000000,-0.00173118,0.00000000,0.00000003,0.00000000,0.00000000,0.00000000,0.00000000,-0.00001130,0.00000000,0.00000000,0.00000000,0.00000000,0.00000000,0.00000000,1
208,53.46559140,2.79663693,1.32712222,53.92956989,40.15215054,0.09948400,1.16168730,2.99748029,0.06633348,-0.00479284,2.40845878,1.10526165,0.19357601,0.18800421,0.09323956,0.00580110,0.00575006,0.03752759,0.01683924,-0.00063326,0.00437161,0
209,10.10016129,0.65230077,0.61494481,35.17279570,9.84322581,0.23420549,0.22914673,0.37682796,-0.00548453,0.00011112,5.00435125,4.38211470,0.07279325,0.00050839,0.00952715,-0.00099082,0.00144724,0.07620007,0.07212463,0.00000627,-0.00021178,1
210,23.87370968,8.91395601,10.28736672,34.79311828,23.79483871,0.14616746,0.08461895,-1.36145699,-0.02408716,-0.00210575,7.88634050,8.83950538,4.53519104,4.11776369,-0.08254989,0.14080767,0.15328302,0.30515459,0.29761854,-0.00085588,-0.00062033,1
211,5.04381720,1.45051031,0.82183553,255.48387100,12.27967742,0.13033475,0.00947639,0.19681720,0.00045380,0.01581668,9.29020430,0.45756631,0.05124322,0.00255338,0.00420298,-0.00069009,0.00139787,-0.03571038,-0.00042905,0.00047890,0.00000729,0
212,97.64655914,19.36114016,18.89056306,398.10225810,954.64279570,10.04752300,36.92675485,5.51194803,-0.69520531,0.17854025,10.90448029,6.39246237,0.53168166,-0.65481080,0.03191808,-0.01361262,0.02595216,0.10879288,0.03534162,-0.00048096,-0.03047109,0
213,1.62139785,0.00000000,0.01776034,0.00000000,0.81204301,0.04711841,0.03861437,0.05673118,0.00362075,0.00110164,0.00000000,-0.02395699,-0.00075631,0.00000000,0.00059228,0.00000000,-0.00002040,0.00000000,-0.00013414,0.00000435,0.00006620,0
214,5.90215054,0.00000132,0.63480645,0.00032258,1.63086022,0.10041510,0.00152562,-0.08084946,-0.00003820,0.01656285,0.00032258,0.05452688,0.02042693,0.00000132,-0.00430531,0.00000004,0.00068976,0.00000899,0.00132152,0.00036914,-0.00000114,1
215,42.82827957,1.96647408,2.75382404,51.79526882,59.06387097,0.35108578,1.31674812,6.97322401,0.30847879,0.01128827,-15.41839785,14.52864875,0.69825463,0.21914198,0.12174793,0.00386918,0.01384670,-0.54799083,0.05260973,0.00117310,0.01209599,0
216,6.60241936,0.36702230,1.07061865,10.32430108,24.99483871,0.65059724,0.24178162,1.20180824,-0.18584522,0.34560266,2.18918996,4.68150538,0.42664644,0.04765673,0.03400335,0.00132677,0.01584765,0.04432382,0.14891927,0.01256539,-0.00851452,1
217,50.33080645,1.45308793,1.43810153,97.60784946,32.42688172,0.61641355,1.92007468,0.40841756,-0.47060140,-8.51876920,28.28762724,7.28299283,-0.64173668,0.55008263,-0.00937864,0.01782397,-0.01574126,1.11182091,0.15022775,-0.20689279,-0.01502766,0
218,21.42575269,1.28381941,0.50807357,38.96365591,9.28892473,11.56532411,4.90986618,0.93266936,-0.23416549,0.26393191,-0.04567742,0.59081362,0.02920839,-0.00758476,0.05222352,0.00011427,0.00153984,0.00091750,0.02694941,0.02718205,-0.01157921,0
219,21.28462366,0.22271361,0.10092632,12.90591398,5.89419355,0.15476638,0.02949629,-95.38515412,0.00780451,0.05502569,-2061.21275300,-1688.27547300,-7.57298793,-32.91126717,-2.69165098,-0.86435002,-0.22622579,-59.82482337,-50.36571920,0.00192830,0.00024121,1
220,19.17225806,2.23270538,0.23067064,140.75903230,7.09913979,0.03873257,2.34572862,1.55770251,0.04422408,-0.02399127,22.53803226,0.25180645,-0.02402637,0.25519856,0.07980786,0.01508399,0.00045415,1.03394518,0.02573964,-0.00106226,0.00486477,1
221,19.66854839,1.51093072,0.50124426,354.83139780,11.15290323,0.10387473,0.22384060,0.94627061,-0.02927472,-0.09586320,47.81450896,-0.71687455,-0.07084634,0.18995980,0.00665918,0.00602160,-0.00106012,1.49131165,-0.01119284,-0.00217067,-0.00135374,0
222,2.76822581,0.00005110,0.02778806,0.01043011,1.03827957,0.01298142,0.42528282,0.45794803,-0.04607007,-0.00166166,0.00443011,0.21683513,0.00707777,-0.00000307,0.00394738,-0.00000026,0.00012657,0.00004580,0.00270104,-0.00006230,-0.00201635,0
223,76.68279570,4.81314926,5.38556526,261.35387100,169.36182800,10.27160221,0.46663334,2.93646237,0.01773557,-1.42029753,21.34720430,-16.36672760,-0.29954302,0.38257478,0.07557553,0.00860722,-0.00973226,0.65897585,-0.39078918,-0.04034609,-0.00035113,0
224,5.55440860,0.03281458,0.05865252,2.17569893,2.14924731,0.05167913,0.02100433,-0.10836918,-0.35048209,-0.10409460,0.82669893,0.07946953,-0.00322849,0.01044370,0.01592032,0.00026052,0.00019159,0.01866244,0.00395646,-0.00057074,-0.00221220,0
225,62.06827957,0.84014421,0.88138124,41.79462366,15.09053763,0.44858360,0.07456960,8.11233513,0.07199713,0.20034815,33.73340143,5.13453763,0.15579897,0.63561819,0.32330487,0.01337939,0.00312473,0.67560233,0.13914313,0.00491328,0.00239918,1
226,31.04564516,17.96530749,17.58167084,989.07376340,50.32268817,0.04818911,0.02233500,-0.90868817,-2.95787330,-0.09440102,-10.98712545,-3.52397850,0.06373602,0.12687705,-0.03135603,-0.00477864,-0.00562056,0.19169328,-0.06711088,-0.00356716,-0.11015438,1
227,6.16365591,0.32511582,0.75779127,18.13053763,10.68354839,0.37612924,0.40305941,0.97465591,-0.13261467,0.13750592,5.73164875,2.76343728,0.09128514,0.10847610,0.02686797,0.00368546,0.00220263,0.19642094,0.07143998,0.00325559,-0.00274477,0
228,13.13860215,0.87172129,0.78866366,64.01032258,15.50172043,0.39117144,0.14938769,2.78982437,0.02755139,0.15619099,18.53454480,3.84094265,0.11032146,0.08449103,0.07411229,0.00169842,0.00209624,0.50095752,0.08510665,0.00410811,0.00061723,1
229,64.33580645,29.83760092,6.05159771,709.22741940,501.75483870,0.04829243,0.13859301,3.61013979,0.00625141,0.00206618,200.07553050,162.85550540,1.05652753,7.58625381,0.13127463,0.27521729,0.04018687,8.08724555,6.42798995,0.00002690,-0.00004790,1
230,31.68000000,10.92140175,3.91328493,39.86215054,206.04903230,2.38005680,2.72347013,0.25961111,-0.59561958,1.77827849,-10.96340502,-16.59007885,0.34502267,1.64049836,-0.00797951,0.05959776,0.00849131,-0.19479922,-0.72628310,0.05713451,-0.01082571,0
231,7.75075269,0.15930566,0.58220940,7.76086022,10.60021505,0.24146588,0.02057598,-4.43758065,-0.92996484,-0.33461549,-47.03880645,-1.67378495,-0.43039917,-0.43960861,-0.17698590,-0.01751282,-0.01733821,-1.86631870,-0.12055579,-0.01601723,-0.03241538,1
232,17.57021505,4.11060731,1.86841639,823.11333330,205.95956990,0.24751102,0.01334636,0.01810394,-0.00042258,-0.06410202,10.70844444,3.17190323,0.01436790,0.05756615,-0.00590340,0.00028160,-0.00060348,0.02461467,-0.04127693,-0.00431930,-0.00002710,0
233,42.48365591,7.99233734,5.97373391,614.99064520,159.43645160,0.29407526,10.32745936,7.29376703,-0.04144875,0.01336372,14.88086738,7.45334050,0.39455069,0.41102455,0.11021188,0.00281139,0.01029923,0.11283078,0.18662207,0.00035060,0.00460131,0
234,23.57543011,3.14733067,3.49026943,67.59946237,57.77655914,0.19984345,0.09272381,-0.46129212,0.00291151,0.05842826,10.96168459,-2.15877419,0.10988301,0.00528896,-0.05573744,-0.01335209,-0.01144290,-0.15907421,-0.45247700,0.00093689,0.00012105,1
235,1.62610215,0.00003390,0.10295302,0.00193548,4.78129032,0.01420899,0.00399923,0.19037993,0.00054087,-0.00088972,0.00160215,0.09140143,0.00847673,0.00002850,0.00305182,0.00000143,0.00000678,0.00007910,-0.00329720,0.00000108,0.00001080,1
236,7.07053763,0.00001940,0.00000000,0.00290323,0.00000000,0.01990010,0.00901018,0.36153763,0.00051380,0.00113550,-0.03620789,0.00000000,0.00000000,-0.00034926,0.01363934,-0.00000705,0.00000000,-0.00070686,0.00000000,0.00003930,0.00003770,0
237,10.73010753,0.07367427,0.46840138,3.01720430,8.87473118,0.12679198,0.11469070,0.07927419,0.01200639,0.01408646,-0.42079570,0.13406452,0.03542289,-0.02095101,0.01553852,-0.00003200,0.00098283,0.00558770,0.04275569,0.00085614,0.00032692,1
238,7.82698925,0.96704545,0.83048294,49.49150538,11.31000000,0.18379081,0.04078120,-0.01545520,0.01128595,0.00197964,-7.99793907,-2.43988889,0.01783654,-0.01691706,0.00323356,-0.00067109,-0.00033534,-0.07350291,-0.09657377,-0.00016895,0.00055066,0
239,14.36913978,13.22560831,0.63587273,298.05774190,13.44301075,0.03764630,0.03787250,1.92113979,0.00888761,0.02619747,64.53318638,9.22534409,0.11520286,9.02794650,0.06526071,0.32053453,0.00210737,2.60723691,0.22569311,0.00055260,0.00031539,1
240,6.49806452,0.15005063,0.43498375,5.55075269,6.21784946,0.18532503,0.00190099,-0.36949104,0.00079143,0.01160432,0.34275269,-0.35037276,-0.04034294,0.02628089,-0.00936401,0.00148894,-0.00122596,0.03511687,-0.00350943,0.00022219,0.00003280,0
241,6.30897850,0.95734580,0.46071010,61.06838710,14.33580645,0.02753336,0.01209993,0.81631183,-0.00955181,-0.11120330,38.54760932,6.72002867,0.10945489,0.53893093,0.06064983,0.01972627,0.00541025,1.54584470,0.33576714,-0.00129932,-0.00007400,1
242,4.98806452,0.04521323,0.03935023,1.83924731,5.64322581,0.01322058,0.00740444,-1.97271326,-0.00193582,-0.23022943,-3.20308602,-8.25155197,-0.42842025,-0.05734298,-0.03979288,-0.00150218,-0.00817887,-0.07424379,-0.16243258,-0.00483664,-0.00006710,1
243,61.58473118,5.24202061,1.75806987,133.15451610,40.88655914,3.32490054,0.49368117,9.99578674,-0.10956031,1.72535624,14.55607168,2.29555914,0.28418543,0.36643240,0.12765909,0.01487542,0.00013155,0.14947241,-0.07575639,-0.00574996,-0.00231203,1
244,9.04559140,0.18373164,1.21327941,5.35655914,23.30774194,0.53402474,0.02630230,0.01275807,-0.00335155,0.02103800,0.31167025,0.49163082,-0.03299367,-0.02784872,-0.00588983,-0.00140031,-0.00120947,-0.00504301,-0.05639239,-0.00207376,-0.00020676,1
245,25.61387097,2.45985776,1.83725640,143.27580650,48.39956989,0.79999023,7.64218659,0.80709319,-2.94082570,-0.19184208,-8.65863799,-0.34709677,-0.37308498,0.12570141,0.03106170,0.00150874,-0.01718980,-0.52552071,0.10003191,-0.00503082,-0.14496760,1
246,20.99741935,1.22020369,1.24859249,114.84107530,28.22559140,0.12466703,0.18708489,1.04280824,0.01181312,0.01438894,24.43496416,1.50859140,0.26466502,0.29745021,0.00253235,0.00687654,0.00652336,0.68131765,0.04310823,0.00014396,0.00063764,1
247,16.83838710,0.57704800,0.80596177,8.97774194,13.71946237,0.97440389,0.08280602,-4.17811290,-0.03360637,-0.33659531,-11.48914695,-8.82964875,-0.35980938,-0.03396734,-0.20106610,-0.00820018,-0.01898760,-0.55081861,-0.46964075,-0.03101514,-0.00175802,1
248,34.33362903,0.24001591,0.48150330,8.73032258,16.47559140,1.90487611,0.62702439,1.96051792,-0.00473953,0.00796582,4.39898925,1.12536918,-0.04427701,0.01576401,0.03864221,0.00103600,-0.00185356,0.12165997,0.02464446,0.00005360,-0.00015093,1
249,28.15772222,1.04844368,1.14177001,23.51666667,14.40622222,0.29378095,0.02578105,4.70363889,-0.01062671,-0.30168494,0.93311111,-4.86588889,-0.29525515,0.04463844,0.19871706,0.00765301,-0.00096677,0.13835968,0.08935749,0.00039943,-0.00001150,1
250,53.09317204,103.84276630,5.49713931,2190.57774200,193.72118280,0.52219170,0.14285807,-17.09046685,-0.05444852,0.06921697,-793.54036920,73.05829391,-0.61565520,-5.81466851,-0.73687480,-0.19564069,-0.02538822,-30.01335360,1.53643857,0.00127780,-0.00226664,0
251,8.81787634,0.20754663,0.42208146,3.47435484,12.98645161,0.10002973,0.86308899,1.85082079,0.39085341,0.04798078,1.69335484,1.00389606,0.21045269,0.16578609,0.03700013,0.00393280,0.00194814,0.02231632,0.04735660,0.00051096,0.00367749,0
252,37.53913978,3.60922811,1.05353216,174.32978490,20.94301075,0.99176771,0.15361383,-1.88063799,-0.17162896,-0.19253325,-18.42510394,-3.79221147,-0.10862029,-1.68193457,-0.11575903,-0.03398802,-0.00939202,-0.57956601,-0.19762753,-0.01291802,-0.00434764,1
253,11.92817204,1.38796159,0.96374872,62.79860215,13.94344086,0.66323365,5.16577906,4.22072760,5.11007972,0.43159540,48.63371326,4.20921864,0.25704582,1.10002098,0.06763265,0.01858493,0.00460339,0.84973383,0.09517522,0.00679680,0.07081111,0
254,9.82172043,0.90073771,0.83028739,48.46096774,15.43666667,0.34503004,0.01077066,0.70738710,-0.00225625,0.05591303,9.92852330,1.40122222,0.07779439,0.16545428,0.00904283,0.00658305,-0.00036342,0.36827093,0.03440102,0.00061029,-0.00006370,0
255,53.67543011,0.08711355,0.65991933,8.78118280,13.36838710,0.33419355,0.00906635,-0.37445878,-0.14424308,-0.04090744,0.65873835,0.36260932,-0.01518794,-0.02526977,-0.03386788,-0.00132820,-0.00110606,-0.06134655,-0.02725912,-0.00399131,-0.00587355,1
256,17.44860215,1.88645167,1.27978782,110.38967740,20.07698925,0.47187432,0.55982023,2.57260215,-0.08073964,0.19068866,9.39023298,5.20187814,0.21100478,0.11522544,0.06325260,0.00403656,0.00298778,0.34646836,0.13560391,0.00320919,-0.00113689,0
257,35.47376344,8.18537246,1.51881486,208.37784950,49.26569892,0.64456102,0.08838120,-4.50645878,-0.13766747,0.19932438,-7.14792832,8.52803226,0.05939481,0.49176077,-0.05711475,0.03487289,0.00239618,0.53599841,0.37229350,0.00578484,-0.00241944,1
258,31.34639785,0.42314862,0.47946163,25.01419355,23.99494624,0.36060844,1.67599085,-1.13365771,-0.60711092,-0.06705044,5.83197133,-1.61283154,0.04629319,0.04490413,-0.01962736,0.00127751,-0.00005010,0.21733298,-0.04522951,-0.00296640,-0.02222393,0
259,2.05236559,0.01627389,0.07006362,0.33602151,1.10924731,0.00721730,0.00521649,-16.37930108,-0.00398388,-1.64450261,-90.94731183,-26.50964158,-0.93786185,-0.63015683,-0.24419888,-0.01059893,-0.01455560,-1.32393481,-0.39512350,-0.02479858,0.00004280,0
260,8.66602151,0.46537167,1.97676241,4.84215054,10.76419355,0.14060398,0.01984455,-2.95353405,-0.12809142,-0.47695765,-77.64918280,-22.96080645,-0.10784761,-1.61268103,-0.08077349,-0.05506840,-0.00264872,-2.51748775,-0.66869399,-0.01082859,-0.00317428,1
261,72.21532258,7.37855207,2.94938007,554.70569890,272.82806450,31.33950586,3.15498448,-0.17451075,0.78230710,22.03268573,38.91347670,25.79050896,0.99283084,1.41523346,-0.01403393,0.04651631,0.01653624,1.40452124,0.70606945,0.35052963,0.03677384,0
262,83.51596774,0.23468880,0.79909530,9.13677419,18.74580645,0.32085047,0.04151946,-1.38186559,-0.03174984,0.04968242,2.55477419,0.93680645,0.06672885,0.01890947,0.00362145,0.00045721,0.00355337,0.03666367,-0.01076679,0.00213628,-0.00112887,1
263,23.27763441,0.33628683,1.02208551,13.72666667,11.33526882,0.42502623,0.02188577,-6.64925448,-0.01992656,-0.41296859,-41.83588889,-20.58750896,-0.87310161,-1.06935166,-0.21054539,-0.03948749,-0.03206955,-1.58419672,-0.72602433,-0.01692226,-0.00076043,1
264,14.65139785,1.43906095,0.61957957,71.59860215,8.24655914,0.04218630,0.38022975,2.78706452,-0.11879811,-0.02589635,12.60871326,0.29967025,0.09580897,0.24303760,0.05975075,0.00694917,0.00192542,0.39736630,0.01566755,-0.00051284,-0.00258097,0
265,6.61322581,2.00430405,0.96945758,248.03688170,22.45870968,0.57323528,0.70798571,0.51183692,0.21677233,0.33503605,5.43738172,2.62226523,0.18476274,0.25794714,0.01730390,0.00679700,0.00610349,0.15160312,0.17051031,0.01081356,0.00435778,0
266,15.26473118,1.59813059,0.31384180,39.54569892,5.42709677,0.57716695,1.40540062,-1.20082437,-0.00854196,0.06852609,-11.92774552,-0.65523656,-0.02216537,-0.30068535,-0.10391891,-0.01695176,-0.00123343,-0.53869610,-0.02390305,0.00047007,-0.01678867,0
267,13.62338710,0.09817055,0.68429714,8.93182796,14.66516129,0.36797131,0.56440904,1.47372043,-0.04898534,0.08676865,3.64327240,2.88549462,0.09761159,0.03272011,0.04074484,0.00072793,0.00221028,0.08357218,0.06401022,0.00212767,-0.00126805,0
268,23.21779570,0.03219236,0.34690945,1.40946237,16.83634409,0.13272465,0.01929893,-1.67648208,0.00439749,-0.05548720,0.07879570,-6.73187814,-0.05334729,-0.01396501,-0.03550194,-0.00030209,-0.00187211,-0.00245161,-0.16531588,-0.00166288,0.00008820,1
269,54.20618280,56.28650700,43.11797143,1264.37258100,211.60774190,1.22717056,1.10617536,-1.25353943,0.24656924,-0.04206998,-62.79353047,-8.58992473,1.27282162,-4.64731217,-0.00115058,-0.08463009,0.02307392,-0.17040966,-0.18710418,0.00259640,0.01730165,0
270,37.01602151,8.17643696,6.69259446,568.44881720,40.57311828,0.40416289,23.55005545,-5.74820072,-8.49534125,-0.15851492,-21.06918280,-6.16643728,-1.57734378,-1.12804802,-0.19464181,-0.03790953,-0.04892640,-0.75233933,-0.18337405,-0.00640174,-0.27398935,0
271,53.87037634,14.51526601,7.37230986,619.42419350,58.52408602,0.71363830,0.99621454,-1.85601255,0.15809187,-0.51116625,-35.84780645,-8.09246953,-0.17604505,-0.45502229,-0.04006575,-0.01972285,-0.00998095,-1.38836436,-0.26774599,-0.01709119,0.00244188,1
272,12.42123656,0.01622633,0.86652598,2.14397850,9.18784946,8.85337545,8.82316813,0.75112545,0.97617119,1.09993310,0.45342294,1.80996057,0.06854872,0.00490805,-0.00816825,0.00003090,0.00156232,0.00111634,0.01139926,-0.02348324,-0.02677950,0
273,2.23236559,0.06362597,0.24641855,2.09537634,3.70956989,0.16493748,0.09079274,-0.32632885,0.00206721,0.06303043,1.76226523,1.19379212,0.02889706,0.00780454,-0.00655773,0.00031202,0.00323429,0.00742940,0.04763652,0.00203377,0.00014841,0
274,102.94150540,5.46092858,12.77193535,489.16182800,315.48483870,98.79907461,1.60938661,0.01694982,0.11178110,1.93355745,27.65405018,75.75217204,0.14602491,-0.03420222,-0.00001460,-0.00336610,-0.02112803,1.02443681,2.32679693,-0.11745429,0.00085642,0
275,47.85591398,0.45738491,1.46244245,28.07548387,21.06580645,0.93919471,0.11882807,24.67246953,-0.15889772,-0.05422206,8.90970609,6.77780645,-0.46057540,-0.61532291,0.85071408,0.00170361,0.00359370,0.48792738,0.26062101,0.00666557,-0.00287198,1
276,16.31806452,0.97677775,0.26506576,36.66881720,16.19731183,0.17970368,0.10067030,-0.91882437,-0.00254010,-0.12457909,-3.87018280,-1.71768817,-0.12581774,-0.12663767,-0.01198766,-0.00114730,-0.00192948,-0.02985634,-0.00110717,-0.00214100,0.00007330,1
277,15.21021505,0.71717227,1.05913267,41.88569892,16.96978495,0.34696252,0.00721848,1.84932617,0.00047294,0.09450905,10.48436559,3.61067384,0.14354332,0.20871201,0.03371602,0.00613139,0.00322579,0.29804636,0.10215494,0.00201328,0.00003170,0
278,36.91182796,3.41724584,1.49563254,108.50881720,27.19881720,0.20467102,0.19238584,3.38060574,0.13492702,-0.12859598,15.51392832,2.04826165,0.26560272,0.29832189,0.11883818,0.02409353,0.00673350,0.52715600,0.10706787,-0.00361837,0.00285913,1
279,10.61123656,1.03489316,1.59843713,16.50236559,20.42645161,0.06785366,0.01074899,0.02759767,0.00024874,0.00132714,1.98569893,0.82256272,0.10998760,0.02053059,0.00116438,0.00155568,0.00260716,0.06107721,0.01962983,-0.00021242,0.00000696,1
280,7.52618280,0.64943225,0.73281404,32.95741935,11.78204301,0.31984743,0.00127518,0.49384946,0.00028991,0.08966969,4.52897491,3.40970968,0.07855404,-0.03554092,0.00754266,-0.00159676,0.00208657,0.06463952,0.08881227,0.00190192,0.00000698,1
281,22.04725806,1.18943529,1.22929989,58.97247312,28.38935484,1.37473149,0.13301831,-10.94121416,0.00060701,0.59098315,-19.95808244,-4.69431183,-0.29606963,-0.77778698,-0.13393575,-0.01590664,-0.00836304,-0.36898026,-0.23592808,0.01151309,0.00034725,0
282,57.29913978,9.56805032,6.13528697,673.42172040,36.07580645,0.19396269,0.06755214,2.41936201,-0.00447877,-0.41764836,-231.94061290,-17.72152688,1.49252240,-25.70469328,0.09348757,-0.41893709,0.03736535,-3.07536189,-0.24114507,0.00012738,-0.00012672,0
283,39.75064516,61.39538300,3.87629574,1118.71677400,100.22967740,1.25202492,0.22105379,-0.78418817,-0.00197147,0.42596735,-11.47922581,25.23089964,0.26463169,1.11300715,-0.02852221,0.06579961,0.01078214,0.93569029,0.76629015,0.00685599,-0.00033611,0
284,3.85451613,0.00044131,0.02305035,0.03860215,1.01322581,0.00978709,0.00781839,-0.14259498,-0.00126785,-0.00049932,-0.01017563,-0.02921864,-0.00092854,-0.00005520,-0.00512709,-0.00000861,-0.00002680,-0.00078195,-0.00078847,-0.00002260,-0.00003780,1
285,4.40376344,0.09574863,3.53764737,0.81225807,8.26161290,27.26661171,0.64148525,0.49126344,0.04479175,0.30702574,0.00614695,0.38605735,0.17077759,-0.00356117,0.00981967,-0.00012486,0.00317487,-0.00114437,0.01004354,-0.00719465,0.00199653,0
286,31.31919355,24.68927510,18.59400076,377.02827960,191.47903230,1.01623284,1.21881782,2.02252688,-0.50944613,0.08122390,57.28416846,0.35992115,-1.21972522,3.72236174,0.05470968,0.14111435,-0.05173524,1.87882866,-0.00079693,-0.00166112,-0.01057530,0
287,19.39870968,5.19859167,4.87580177,271.98311830,184.39838710,0.37381841,0.01458724,2.85737634,0.00914791,0.12790785,62.33667384,47.74294265,0.95595616,0.98768522,0.07598061,0.02956539,0.02950707,1.74496862,1.36849956,0.00303809,0.00013310,0
288,17.03795699,0.79700761,0.76567717,24.02612903,2.90473118,0.18799682,0.39464481,2.78606810,-0.13851601,-0.08603907,-7.34453763,-2.49237993,-0.00008440,-0.19325193,0.14083483,-0.00602595,0.00089431,-0.20424150,-0.06087255,-0.00246852,-0.00327863,1
289,12.34978495,1.31552652,2.04128476,60.47430108,20.61215054,0.51613663,6.49831213,0.61750717,0.20619776,0.12686956,16.46430108,4.25959498,0.34564089,0.42273824,0.02386339,0.01095784,0.01134313,0.48967689,0.14897691,0.00264591,0.00464518,0
290,6.02892473,0.38590134,0.05742372,13.60602151,3.40247312,0.01755568,0.01089779,-0.64663082,-0.01880012,-0.01779225,-8.42108961,-0.04886022,-0.00024250,-0.06227161,-0.01712304,-0.00128150,-0.00000755,-0.19870527,-0.00119143,-0.00049844,-0.00050922,1
291,15.61354839,1.20105643,1.25328439,39.88322581,15.88849462,19.44873119,19.63490250,1.87565950,1.48900620,1.48033373,1.46333692,3.33038351,0.17841662,0.01645545,0.02444509,-0.00345313,0.00224535,-0.02141530,0.04409695,0.03191154,0.03125489,1
292,0.34881720,0.00000000,0.00000000,0.00000000,0.00000000,0.01132202,0.00036341,-0.08929391,0.00016798,0.00218521,0.00000000,0.00000000,0.00000000,0.00000000,-0.00394130,0.00000000,0.00000000,0.00000000,0.00000000,0.00006150,0.00000386,1
293,6.28107527,0.06197799,0.10238464,0.35397850,3.12075269,0.19966657,0.16880448,-1.23181362,-0.02107907,-0.02211425,-0.02013262,-0.41502509,-0.00901672,0.00606924,-0.03909841,0.00031800,-0.00005970,0.00026071,-0.00114120,-0.00092742,-0.00086121,1
294,23.31725806,1.30496963,1.77179835,43.56838710,46.99290323,4.24194711,0.03300415,-0.60963082,-0.00402591,1.47458832,8.43916488,5.72623656,0.17475020,0.15155697,-0.04113247,0.00475877,0.00709753,0.27759422,0.15270968,0.03669112,-0.00034895,1
295,13.62177419,5.51563220,2.17388814,196.15784950,29.83612903,0.07097680,0.11731110,-11.72572581,-0.05389654,-0.03132645,-1.56381720,1.36101792,0.44781462,0.11585310,-0.40525040,0.00044649,0.01371105,-0.08752953,0.01691521,-0.00087874,-0.00146127,1
296,28.81849462,28.53615902,5.72682372,334.73709680,95.78709677,3.31668941,1.39694030,4.63002240,0.15431848,0.20565944,15.13587455,-12.52168100,0.31444897,0.46680760,0.06322162,0.01529697,0.00800009,0.49603226,-0.53143875,-0.00618694,0.00128284,1
297,54.63908602,2.19994608,2.05668925,93.12548387,48.17537634,0.35951316,0.17499186,-7.17724731,0.02133378,0.08492146,4.12459498,3.50326523,0.33824339,0.27056976,-0.22009034,0.00652261,0.01144109,0.00145108,0.03270104,0.00167743,0.00049243,1
298,79.49727599,15.75886798,6.80998064,178.61537630,745.58580650,5.83444961,98.85324725,0.13203525,-0.50329599,-1.69806754,-169.75429030,49.08502867,-7.18793461,-13.69641596,0.00869898,-0.52513547,-0.16719303,-5.54944104,1.26721505,-0.05459814,-0.40090297,1
299,62.27064516,11.07793722,1.72181702,234.74387100,168.07182800,1.19506891,1.74740510,1.35486738,-1.95363967,-2.07212915,36.22231541,68.75760573,0.16408274,1.72526644,0.01074758,0.08901343,0.00262861,0.79702556,1.79727481,-0.05577177,-0.05247257,0
300,64.92989247,18.73364706,13.28286555,3062.75268800,6.17978495,94.32095596,1.96001923,8.78133692,1.33583326,21.00987292,385.88591040,-6.58021505,2.21050419,2.39333727,0.29503860,0.08671960,0.08005816,10.91962842,-0.25240067,0.68593923,0.04619676,0
301,5.83268817,0.08002527,0.02785676,2.53892473,1.16430108,0.09623596,1.24750893,0.45079928,0.37632892,0.02951623,1.16081362,-0.04592115,-0.00295927,0.01865763,-0.01278424,0.00033585,-0.00014347,0.02807915,-0.00720800,0.00032136,0.00753366,0
302,104.19301080,1.04507425,0.55771929,194.99989250,9.78548387,0.36482040,0.26264449,0.07789964,-0.04951580,0.08309410,14.29389247,3.96648387,0.10965102,0.06854416,0.00581720,0.00515739,0.00209059,1.22285457,0.07849833,0.00099266,-0.00138692,0
303,54.44908602,2.97277792,2.53155240,83.51731183,58.94967742,0.60960092,0.69237788,0.33503047,0.21501708,0.03120832,7.24186738,6.57978853,0.48260952,0.03577560,0.01093319,0.00174235,0.01524703,0.03909254,0.09016147,0.00390849,0.00739519,0
304,15.01225806,1.30536833,1.41590924,69.20247312,19.16021505,0.53310658,0.01938192,1.18859140,-0.04748425,-0.09907911,12.24825090,4.36510394,0.27821976,-0.11680303,0.01691416,-0.00382079,0.00694070,0.35266966,0.11279958,-0.00561840,-0.00156523,0
305,5.54139785,0.14370651,0.90144944,7.29935484,7.62849462,0.25122978,0.03687741,0.36089785,0.02793475,0.09398536,1.90979928,2.70638351,0.03064394,0.01965528,0.00687608,-0.00021674,0.00088811,0.02288824,0.04177067,0.00157976,0.00085634,0
306,25.32688172,4.68387317,1.76441669,172.63451610,15.48526882,0.23624568,12.38546986,3.35388172,0.98670241,0.00703431,31.09996057,0.68849104,0.19072439,0.45275262,0.11297003,0.01899118,0.00768765,0.94847453,0.05317204,0.00068102,0.07894756,0
307,35.88309140,0.03133308,1.42568063,3.04903226,86.99569892,0.09663937,0.82383241,8.68459140,-0.05391703,-0.00132267,-11.77930108,-10.54041219,-0.04841789,-0.27325595,0.38696065,-0.00536396,-0.00017167,-0.20720465,-0.09070316,0.00007330,-0.00147170,0
308,6.88473118,0.40877419,1.85134634,5.07000000,8.63032258,0.38020113,0.01859619,0.06662007,0.00236185,0.09765673,-1.08344444,-1.66434409,0.23875069,0.22537955,-0.00143108,0.00479638,0.00928566,-0.08075498,-0.03508637,0.00193820,-0.00002240,0
309,24.41139785,3.45666428,0.48422362,165.95978490,28.02204301,0.97417861,0.84906188,-2.83182437,-0.08106305,-0.15894442,-8.30021505,-1.66717921,-0.13553953,-0.19295051,-0.06500494,-0.00553293,-0.00399462,-0.26252671,-0.10947400,-0.00230463,-0.00139450,0
310,24.02580645,0.05553912,0.26536255,0.68301075,6.85365591,0.55384885,0.33334536,4.19525090,-0.11821294,0.06311195,0.07301075,0.79376703,0.02674757,0.03155294,0.05054213,0.00068364,0.00089390,0.00056601,0.01232382,0.00280222,-0.00475770,0
311,48.77569892,7.18272578,1.59072515,232.05688170,42.05129032,0.33934875,0.70901310,1.42514337,0.44282350,-0.15332467,-0.88445161,-9.29104301,-0.05366554,0.00722583,0.05128645,0.01686837,-0.00074066,0.08208567,-0.14746572,-0.00392258,0.01256104,0
312,49.33822581,0.90408982,1.01757357,29.79978495,84.01849462,0.16071890,0.25691190,9.91711470,0.01408759,-0.10253829,7.11445161,10.52605018,0.08833357,0.06613014,0.28342394,0.00191154,0.00173028,0.19162771,0.10481033,-0.00420111,0.00012043,0
313,25.50440860,4.55753464,0.90727545,203.11720430,22.22602151,0.13384135,0.36880407,0.49018638,0.06967140,-0.07398002,44.11764875,-1.15342294,0.02077043,0.90903629,-0.02099612,0.01477731,-0.00161061,0.77669628,-0.06882584,-0.00282575,0.00243099,0
314,52.46908602,9.63470413,2.88760953,1776.36483900,50.77849462,0.66932108,3.89547630,1.89253047,-4.31062476,0.30947323,-66.64182796,-14.42683871,0.41767693,-0.75676458,-0.00057642,-0.00742266,0.02186630,-1.46201199,-0.24052741,0.00157830,-0.12344474,0
315,11.23048387,0.00868396,0.53549695,0.38032258,18.46010753,0.13101521,0.23500429,-2.78865502,-0.64664091,-0.08624216,-15.31034409,0.66655197,-0.06736462,-0.23157193,-0.06494915,-0.00745260,-0.00242751,-0.46083748,0.01982919,-0.00260223,-0.02435255,1
316,38.37956989,6.76787629,3.10118686,1335.05064500,218.74344090,0.04692357,0.20032109,9.04868100,-0.08196813,-0.09347303,479.63575630,28.15877419,0.31557600,1.78848424,0.28108003,0.05793980,-0.00153577,15.83094553,0.54508743,-0.00392257,-0.00319686,1
317,100.26096770,2.04742540,0.09130215,38.76010753,6.11290323,0.01831522,0.43021665,0.06674552,0.02812206,-0.00293711,-2.39633692,0.05379212,-0.01544643,0.04893489,0.00237123,0.00214253,0.00001160,-0.05982232,-0.00549727,-0.00003240,0.00197421,0
318,22.28612903,1.49012832,1.71878422,27.66236559,20.44913978,0.14806338,0.31252912,-12.67564875,-0.04218559,-0.02286753,0.20392115,-2.53197133,0.39221634,0.12811821,-0.39976327,0.00589600,0.01293433,-0.01817680,-0.10774158,-0.00065423,-0.00121050,0
319,48.24451613,14.99440623,9.64884320,269.78569890,41.96967742,1.61360136,40.48264608,15.75340502,13.87213047,1.48107025,32.95025448,12.06467742,3.51587993,5.30067075,0.53240640,0.18264422,0.12126170,1.11005694,0.37952582,0.03462066,0.67600645,0
320,46.97500000,31.57346502,29.27852935,682.20698920,19.44172043,0.54207276,0.47474169,-0.42233333,-0.07733225,0.05130753,21.71076703,-18.39439068,1.94018803,4.19829685,0.00653279,0.13455348,0.07517476,0.64415001,-0.70744633,0.00082226,-0.00353181,0
321,4.69612903,0.07169564,0.09209746,3.92806452,1.88655914,0.01443983,0.01399748,0.07290681,0.00203976,-0.00001410,-1.42882437,-0.10377419,0.01347337,-0.01326553,0.00122898,-0.00051321,0.00041312,-0.06413221,-0.00668500,-0.00003450,0.00002830,1
322,9.98086022,0.80041698,0.75273822,69.71172043,10.04161290,0.34075440,0.51736398,1.25908244,-0.10849534,0.09703847,13.88149821,2.30405735,0.13381669,0.06318932,0.06207597,0.00272191,0.00449159,0.57988912,0.07831200,0.00204437,-0.00446711,1
323,6.48112903,0.04362603,0.90430827,1.25602151,11.45430108,0.28338893,0.01204204,0.55768459,0.00122316,0.10833649,0.61679928,4.65474552,0.05664699,0.01877924,0.00516720,0.00046763,0.00054349,0.01523585,0.07260074,0.00192140,0.00001600,1
324,41.92411290,0.11472588,0.72644426,2.11677419,27.15204301,0.08194126,0.69382289,10.14586290,0.11397769,-0.01651960,0.74899642,5.35093190,0.15580729,0.02970657,0.28475013,0.00016271,0.00432567,0.00791609,0.15290851,-0.00021663,0.00313312,1
325,5.45284946,0.00000352,0.48666954,0.00075269,4.55655914,0.02221366,0.00969709,-0.33048387,-0.00175089,-0.07354570,0.00053047,-3.13344086,-0.06359165,0.00000261,-0.00735554,0.00000000,-0.00024119,-0.00000071,-0.03781262,-0.00108499,-0.00003810,1
326,53.49000000,2.10455260,5.02722092,99.31494624,139.23698920,0.69764709,0.74406727,18.32025000,0.40201494,-0.28036562,39.05383513,-8.77278853,1.74772769,0.60949827,0.35489080,0.00025856,0.04846994,0.31902433,-0.03651401,-0.01111921,0.00893621,0
327,14.02833333,0.69565044,1.20992317,20.50827957,16.92473118,0.80496882,0.07276683,1.99763889,0.03197340,0.32353184,5.69394624,4.88684229,0.21498047,0.34435631,0.11515142,0.01984915,0.01272103,0.45245197,0.28494888,0.02216050,0.00176573,1
328,158.34569890,18.88535954,1.22036945,342.12559140,37.25021505,0.84052363,1.40534282,-4.05496774,-0.64973141,0.08605802,181.23936920,3.80688172,-0.15918030,10.70211679,-0.29713432,0.43842859,-0.00874221,6.57750485,0.04484347,0.00182580,-0.02851336,0
329,0.64107527,0.00000000,0.00000000,0.00000000,0.00000000,0.00000000,0.00000000,0.02413082,0.00000000,0.00000000,0.00000000,0.00000000,0.00000000,0.00000000,0.00085361,0.00000000,0.00000000,0.00000000,0.00000000,0.00000000,0.00000000,1
330,107.52591400,185.34034640,113.36327110,2018.30172000,1084.58225800,192.06666020,2.01212234,3.60124731,-1.65748941,-56.34853760,413.50960930,-39.50851971,11.38044287,-30.63302333,0.19936233,-0.61129208,0.26571300,16.53219919,-0.54578477,-1.58767151,-0.02477829,1
331,57.32586022,2.05516095,1.45040549,172.65731180,15.28731183,0.23815669,0.44065164,1.79463799,-0.17397695,0.05147323,-1.35624373,0.88675627,0.42171011,-0.97523461,0.03331624,-0.02702365,0.01421452,0.07898837,-0.00131077,0.00136172,-0.00507388,0
332,16.70086022,0.95030151,1.82178585,34.83387097,40.39236559,0.45430332,0.08272116,2.84763799,0.01498204,0.15273926,13.66320430,16.46247670,0.38385683,0.25358693,0.03920686,0.00421204,0.00523519,0.31291574,0.15053393,0.00080997,0.00031192,0
333,23.41548387,0.18353670,1.64447309,15.76064516,11.43526882,0.12334321,0.00688705,-15.68762724,-0.00202448,-0.02080135,7.55964516,0.93449104,0.36803161,0.10097362,-0.53541530,0.00380141,0.01219222,0.32480293,0.02949727,-0.00062244,-0.00004260,1
334,60.24231183,6.56305978,1.85562233,63.51301075,128.34010750,0.47728589,3.66534192,2.24264516,-0.21388589,0.28355761,35.39512186,-2.10267025,0.03948733,4.52711431,0.08410947,0.06299159,0.00080924,0.44767566,-0.05637123,0.00446378,-0.01170899,0
335,23.21311828,5.74949657,0.98162512,125.86892470,35.75311828,0.37180816,0.09192642,-1.17221505,-0.01799663,0.01773167,21.18370251,6.96489606,0.20121612,1.32029482,0.01528750,0.03818730,0.00807152,0.67241865,0.32821012,0.00031904,-0.00031217,1
336,15.75827957,2.58455266,1.35275421,136.11311830,22.16344086,0.60673695,0.46799676,1.17872401,0.13397783,0.20647310,-3.80154839,5.02555197,0.50644188,0.74728822,-0.02395241,0.01418459,0.01183165,-0.52349868,0.17238745,0.00336299,0.00220377,0
337,85.41784946,3.52702827,1.42701821,140.50053760,63.39505376,0.99887838,0.73274632,9.98434946,0.27224776,0.08225834,-6.48657348,2.65505376,-0.16602513,-3.54566372,0.24220792,-0.06416793,-0.00522291,0.12586885,0.15397039,0.00017341,0.00543245,1
338,13.56268817,1.22270081,1.07892163,33.56978495,18.24526882,0.46227141,0.00995439,-25.37864516,-0.05113299,-9.45294005,-99.72488172,-149.81473120,-9.09472590,-3.22331058,-0.81718275,-0.12890661,-0.21242536,-3.65606221,-4.12028786,-0.21280691,-0.00135852,0
339,48.71236559,10.82940763,3.40410087,458.73838710,78.21010753,2.38287493,47.28185652,-2.35607885,-5.96899291,1.29801923,56.94705376,9.41921864,0.07996334,-0.13474680,-0.03977613,-0.00290862,0.00443439,1.72722510,0.39116781,0.05787472,-0.16231216,0
340,3.94588710,0.00000000,0.77714421,8.45204301,20.29107527,0.38743088,0.02786535,-0.01308513,-0.02857078,0.13088504,1.23715412,-5.88236918,-0.04795722,-0.00504673,0.00201423,-0.00017288,-0.00048005,0.06192420,-0.20729790,0.00352662,-0.00115831,1
341,76.66204301,6.87832802,1.33964624,247.18720430,80.85043011,0.64868977,0.27853237,9.81126523,-0.05300617,-0.08935664,42.68598208,17.61476344,0.03877325,1.21458737,0.20112480,0.02614005,-0.00826063,0.74584506,0.32006399,-0.00250818,-0.00160202,0
342,27.40182796,0.75289501,1.97287099,20.63311828,8.78279570,0.32073496,2.64908714,1.32727240,-0.10021351,0.07477073,3.41945161,3.24512903,0.41569649,0.21936052,0.04091627,0.00676591,0.01306562,0.13016905,0.06410506,0.00091785,-0.00078155,0
343,8.39940860,4.43894602,0.66661046,122.65526880,27.88483871,0.71450659,1.21740156,-6.77331362,0.05753066,0.11728310,-26.94695341,-11.17405018,-9.15267903,-12.66955474,-0.19898709,-0.39155239,-0.28679904,-0.62422810,-0.20454451,0.00271472,0.00071097,0
344,69.86021505,14.05067440,7.32491820,1230.72010800,234.02913980,0.14054757,0.26202810,-8.36845161,0.03045342,0.09695560,103.92499640,89.48436201,0.77490857,0.96447960,-0.14787026,0.01393784,0.01348959,1.56968200,2.26033422,0.00268003,0.00059177,0
345,10.72752688,0.01240515,1.81437473,0.96763441,5.92311828,0.03792468,0.15708297,-0.84813979,-0.04360678,0.00661151,-0.20969893,1.59145161,0.41626156,-0.04630737,-0.04974960,-0.00061291,0.01362540,0.00080487,0.03869540,0.00003570,-0.00097978,1
346,110.39978490,13.02345838,1.84973775,673.49440860,33.94215054,0.28974016,4.23710404,-0.03254839,0.07559355,0.06983474,-27.91986918,4.96748387,0.17523697,2.60333633,-0.00275674,0.07667503,0.00510264,-1.04105465,0.17169293,0.00092636,-0.01954980,1
347,8.58709677,0.20380155,0.50013922,7.59666667,8.79967742,0.22555257,0.65499938,-14.68818100,-10.46746121,-0.06466342,1.77633333,-2.10854480,-0.23687318,-0.30682630,-0.48079834,-0.01301666,-0.00727180,-0.15051683,-0.07542147,-0.00255452,-0.23056322,1
348,36.02470430,5.19336173,3.67082881,172.13967740,72.07881720,0.85133665,0.32885186,-0.06501792,0.09782447,0.09554968,24.02378853,-0.58273835,0.03570391,0.39279216,-0.02535801,0.00768427,0.00011479,0.35001569,-0.00993443,0.00258156,0.00085855,0
349,8.53752688,0.22213995,0.47389223,6.74655914,6.15870968,0.49066584,3.87435506,0.37552688,-5.53173389,0.11030257,-23.47221864,3.06648746,0.16359451,-0.68151092,0.04802133,-0.00627872,0.00747004,-0.24760338,0.13019760,0.00488164,-0.06906605,0
350,1.60206989,0.00000044,0.03426590,0.00010753,1.48451613,2.20777885,2.06313402,-0.60320789,-1.14205505,-0.55378814,-0.00711470,-0.22192832,-0.03093878,-0.00044102,-0.00854980,-0.00001120,-0.00072206,-0.00018297,-0.00291345,-0.00868602,-0.01912930,1
351,13.99483871,0.87401549,0.77127284,63.11602151,16.42505376,0.33338032,0.02985985,-1.07949462,-0.02940950,0.08055452,9.88802151,-0.96094624,0.01804938,0.03604261,-0.03137493,0.00119676,0.00171803,0.31646536,-0.02077472,0.00153782,-0.00091007,1
352,57.59279570,24.91962814,2.54461534,415.69376340,123.44279570,1.69805397,1.01287433,9.49012903,0.24023025,0.62094237,130.29198570,46.31457348,0.38729901,13.36472356,0.26699577,0.51606097,0.00698753,5.23643293,1.29632487,0.01864425,0.01880214,1
353,48.18370968,1.70101518,1.23173662,51.04784946,24.51752688,0.73248839,3.14397240,2.65137634,-1.06441092,-0.25138055,-21.56303943,-13.40136201,-0.13680553,-0.65627094,0.16625445,-0.01564372,-0.00790588,-0.62323392,-0.79530848,-0.01090114,-0.02738086,1
354,9.15790323,0.14119969,0.94710927,3.21290323,14.32225806,0.45130243,0.79529240,1.34823656,-0.10285361,-0.39493577,-0.91431900,2.67014695,0.01826572,-0.03975294,0.03649568,0.00031133,-0.00124341,-0.00053076,0.04729931,-0.01384341,-0.00323094,0
355,39.08177419,0.01792595,0.20937255,0.93053763,4.66763441,0.48656478,0.07295456,0.65232975,-0.00831843,0.11244241,-15.23346237,-2.30158781,-0.00922324,-0.38168619,0.03555209,-0.01202573,-0.00035124,-0.46157412,-0.04900846,0.00240837,-0.00019188,0
356,23.34010753,0.14933471,0.89553089,3.93569893,9.61827957,0.49874711,0.03605352,1.12310753,0.01489442,0.39200034,0.89158781,1.12861290,0.06465103,-0.00578127,0.05078794,0.00125177,0.00315273,0.03521664,0.04706346,0.01662874,0.00070223,0
357,30.13494624,2.94676018,0.57378062,130.27301080,19.61354839,0.54298985,0.01746474,-6.30438710,-0.01008900,0.09829949,-39.19210036,2.59799283,0.13049181,-0.32738107,-0.16203702,-0.00486304,0.00140633,-0.91367072,0.01068306,-0.00067240,-0.00020566,1
358,35.86682796,1.68143222,0.32785529,289.83268820,17.18559140,0.31552341,0.06182338,-12.93494982,0.03371452,0.29553290,40.38068817,-2.61229749,0.00473778,-1.88055451,-0.41561405,-0.05216855,-0.00350995,1.32694483,-0.14768941,0.00053793,0.00062781,0
359,79.53564516,42.72586179,3.13727967,383.57333330,41.62752688,0.50864905,23.44645863,2.68736738,-0.09111392,0.00183592,-0.62677778,-10.11025090,0.07722133,-0.11894856,0.07448370,0.00295377,0.00380747,-0.01807527,-0.30599648,0.00016249,0.01253007,1
360,6.71559140,0.14391494,0.22104438,10.19311828,3.92537634,0.01359876,0.02168342,0.45503584,-0.08209898,-0.03889614,2.41845161,0.11670968,-0.01232749,0.03516785,0.00939582,0.00153848,-0.00024655,0.08951243,0.00291539,-0.00061399,-0.00125561,0
361,63.14833333,6.01567232,5.51689227,315.92365590,214.82111110,1.78268131,19.65120306,11.08611111,0.90413239,-4.77079283,22.85498925,17.81500000,0.00104118,0.22839251,0.20209572,-0.00958360,-0.00393458,0.69077120,0.17344844,-0.13225107,-0.03004396,0
362,15.40774194,0.47119503,0.78793783,34.08720430,10.24268817,0.35963286,0.09788497,-2.77936918,0.04591237,-0.24417010,5.15231541,0.30646595,-0.20963569,-0.22052425,-0.06509960,-0.00986314,-0.00685537,0.17942623,0.00865838,-0.01088198,0.00157844,0
363,12.05892473,1.05598525,1.30905176,29.40397849,13.78602151,0.49492293,0.36613882,1.77403584,0.25434497,0.11857675,4.60386738,3.91568817,0.29226561,0.11020588,0.01132558,0.00068283,0.00319269,0.08858294,0.06477243,0.00122103,0.00005490,0
364,60.05327957,2.58040485,1.12268899,192.96892470,80.23935484,1.07423540,4.73519901,2.44833513,0.23332811,-0.06924511,14.91492473,-1.01720072,-0.05873758,-0.00218652,0.01612648,0.00076703,-0.00109787,0.54954680,0.01661978,-0.00235446,-0.00104759,0
365,101.46698920,7.64520580,3.23548237,239.33215050,87.82956989,0.58522916,0.08506152,-3.03145520,-0.14115475,-0.00776961,-115.94351610,-596.11065230,-2.63768636,-3.09860658,-0.10691803,-0.12045078,-0.09638743,-4.89744615,-21.90418332,0.00060177,-0.00211159,0
366,7.27844086,0.04361535,0.76441050,7.83322581,12.65129032,0.34486631,0.07719151,0.36471864,-0.00052527,0.09283004,2.58500358,1.99206810,0.10882522,0.00196814,0.00447753,0.00025828,0.00422982,0.09769452,0.04966226,0.00241182,-0.00016267,1
367,4.01373656,0.10782434,1.07531715,2.22161290,14.71612903,0.37612653,0.00857612,0.56095878,0.00087199,0.12663277,0.51572401,3.61446237,0.15063696,0.00175387,0.01393522,0.00030456,0.00462880,0.02294342,0.09600599,0.00303123,0.00003050,1
368,12.52172043,0.03695649,0.11741245,0.90580645,5.33376344,0.05042382,0.06572729,-2.01966846,-0.39432380,-0.13648583,-2.78763799,-2.69712545,-0.16852761,-0.11956714,-0.07774714,-0.00485416,-0.00744501,-0.11478706,-0.10980804,-0.00539657,-0.01490337,1
369,52.55204301,0.14830207,0.06977558,8.40881720,3.92021505,0.03086816,0.21113227,1.66493190,-0.00995024,-0.00018710,-0.01251613,-0.12278495,0.00882801,0.01892126,0.03901974,0.00048573,0.00017447,-0.00379429,-0.00720871,-0.00002220,0.00007600,0
370,16.75741935,0.22737414,0.78519087,13.52784946,25.72096774,0.27726671,0.17683855,4.84708602,0.06830250,0.07463110,12.08229391,13.53830108,0.34780315,0.20928552,0.02899136,0.00919241,0.01111909,0.53372343,0.43449586,0.00301768,0.00230460,1
371,26.28693548,7.48120444,4.12670530,66.64129032,35.10548387,0.37833413,0.08500961,0.31587993,-0.01367732,-0.09709408,7.81606810,3.92548387,0.46625801,0.71953333,-0.03895593,-0.01124386,-0.00216700,-0.04250784,0.08842094,-0.00402416,-0.00007170,1
372,11.16510753,0.70494406,2.01513202,8.52559140,5.06161290,0.31364570,0.01061224,-4.88555914,0.00209232,0.05074660,3.49581362,1.76172401,0.40782203,0.26625154,-0.17212304,0.00886471,0.01347143,0.09186744,0.04819055,0.00079644,0.00004830,0
373,74.41333333,5.30922953,3.51573867,217.54688170,45.84817204,0.46713074,0.08476844,5.40577778,-0.03159771,0.34212873,-1.14445161,8.08439427,0.07392124,0.65468742,0.09841988,0.01950507,0.00452418,0.22169981,0.17472783,0.00963826,-0.00079895,0
374,9.38403226,0.02828255,0.62197760,2.43612903,9.43720430,0.30929629,0.01842497,0.52797670,-0.01922742,0.07312240,-1.37987097,1.85353763,0.08848634,-0.00367103,0.01413362,-0.00019103,0.00120180,-0.06350714,0.01280081,0.00023339,-0.00046397,1
375,8.54295699,0.23353278,1.92592626,5.06408602,5.43043011,0.25527579,0.06786205,0.79945699,-0.00873934,0.07529568,-1.48624731,0.74187455,0.37036570,-0.04475265,0.02409052,-0.00014057,0.01219497,0.01487026,0.02820236,0.00213370,-0.00009190,0
376,5.76354839,0.00013433,0.01177534,0.00838710,0.97193548,0.00935750,0.00782624,-3.41211828,-0.00659813,-0.40562037,-2.50850179,-5.63917563,-0.35293296,-0.13973497,-0.08416799,-0.00312205,-0.00768356,-0.05930672,-0.12923850,-0.00862556,-0.00018666,1
377,54.68892473,13.73054525,7.74551618,893.74806450,354.35881720,0.23420989,2.80652377,6.83681362,0.66179491,0.07942576,185.25850900,86.71715054,0.83487742,1.32736026,0.17968059,0.04289866,0.02658035,5.37464551,2.73811722,0.00270420,0.02237824,1
378,28.87032258,1.82272490,0.52232082,85.13698925,24.41333333,0.68659785,0.41191808,11.40315591,-0.08618761,-0.05871165,30.17887814,8.13688889,-0.06394302,0.23977615,0.22783245,0.00665403,-0.00420045,0.77285017,0.14294853,-0.00426216,-0.00554589,1
379,23.36407407,0.13730188,0.84424990,9.86075269,129.04741940,0.02505548,0.37580410,0.43326852,-1.04912269,-0.05612484,-13.85969176,-38.64935842,-0.36273218,-0.36388314,-0.02308778,-0.00877278,0.00049223,-0.11380064,0.35341266,-0.00104451,-0.02033483,1
380,17.75360215,0.16743611,0.67868606,4.91666667,20.05483871,0.20202127,2.97531961,2.35104660,0.41413832,0.00533138,-0.53311111,4.16794982,0.23396644,0.02538001,0.08844844,0.00116842,0.00672539,-0.00771021,0.14085528,0.00069040,0.01290904,0
381,54.73241935,11.36873076,7.80976304,1213.37580600,153.35096770,0.16536585,0.65823873,2.11514158,-0.09434098,-0.12531451,95.30925090,48.57507885,1.96462222,1.85120781,0.03025542,0.05133141,0.06240721,2.85789159,1.58384893,-0.00212882,-0.00269756,0
382,48.07854839,18.98100819,37.64959441,1020.80978500,196.42021510,0.03699500,0.12229097,9.61193728,-0.00333933,-0.00959167,700.88234050,14.27121505,3.43687963,11.14260278,0.35662198,0.28891304,0.05763031,18.80807950,0.08631729,-0.00026439,-0.00007970,1
